642.4,1318.2,1
453.24,1406.8,1
500,1500,1
500,1500,1
459.89,1656.7,1
498.92,1851.1,1
500,1500,1
579.55,1331.2,1
500,1500,1
435.02,1373,1
259.23,1753.2,1
578.67,1235.2,1
1113.7,1622.3,1
721.32,1246.4,1
642.24,1260.3,1
500,1500,1
747.75,1254.7,1
630.78,1334.9,1
635.78,1204.8,1
1282.4,2065.8,1
658.81,1213,1
509.76,1215.5,1
292.87,2354.9,1
507.84,1759.6,1
610.96,1426.2,1
457.33,1543.8,1
630.19,1506.4,1
500,1500,1
500,1500,1
500,1500,1
943.59,1473.3,1
650.99,1293.2,1
475.82,1673.2,1
500,1500,1
770.32,1397.6,1
724.42,1371.6,1
500,1500,1
776.37,1304.4,1
508.29,1891.2,1
711.57,1255.5,1
513.26,1178.8,1
690.11,1230.3,1
500,1500,1
615.31,1343.2,1
764.4,1195.1,1
500,1500,1
547.27,1364,1
305.06,1550.9,1
625.99,1399.1,1
1151.1,2281.3,1
489.57,1300.6,1
504.02,1248.8,1
505.96,1854.7,1
552.57,1626.3,1
550.76,1721.6,1
585.41,1527.8,1
782.01,1300,1
688.04,1169.8,1
428.14,1533,1
500,1500,1
631.33,1236.7,1
500,1500,1
607.7,1872.8,1
517.58,900.42,1
558.64,1786.1,1
422.38,1536.2,1
500,1500,1
500,1500,1
583.29,1430.4,1
663.71,1403.7,1
495.97,2186.1,1
636,1899.3,1
402.56,1341,1
498.38,1943.5,1
732.16,1303.2,1
726.53,1298.7,1
622.42,1639.1,1
483.91,1287.4,1
285.22,1543.1,1
500,1500,1
655.46,1312.2,1
505.96,1854.7,1
500,1500,1
760.62,1327.5,1
634.91,1681.1,1
598.52,1686,1
1142.6,1354.1,1
500,1500,1
754.05,1318.8,1
625.54,1112.8,1
628.75,1416.4,1
500,1500,1
377.94,1716.8,1
500,1500,1
483.37,1357,1
500,1500,1
488.78,1202.9,1
577.27,1407.2,1
714.9,1298.3,1
678.73,1296,1
453.24,1406.8,1
500,1500,1
567.84,1473.4,1
570.33,1283.9,1
414.89,656.08,1
500,1500,1
500,1500,1
513.84,1418.9,1
548.09,1622.9,1
500,1500,1
414.8,1531.1,1
680.86,1226.6,1
500,1500,1
535.84,1486.3,1
471.89,1480.4,1
608.17,1523.3,1
500,1500,1
500,1500,1
590.53,1318.8,1
500,1500,1
729.93,1278.4,1
302.94,1343,1
362.1,1536.7,1
491.85,1731.5,1
866.81,1296.4,1
556.25,1369.6,1
547.27,1364,1
500,1500,1
852.77,1314.2,1
583.06,1278.6,1
503.17,1668.4,1
629.48,1353.3,1
636.87,1257,1
628.67,1715.4,1
488.68,1107,1
202.68,1048.4,1
500,1500,1
500,1500,1
633.44,1525.5,1
506.81,1260.2,1
500,1500,1
456.28,1896.5,1
594.59,1430.4,1
500,1500,1
639.33,1282.6,1
697.37,1273.1,1
622.19,1497,1
500,1500,1
722.43,1095.1,1
500,1500,1
678.5,1265.2,1
500,1500,1
570.15,1488.9,1
222.17,1350.7,1
654.69,947.24,1
707.52,1196,1
638.83,1266.6,1
500,1500,1
580.94,1201.8,1
202.68,1048.4,1
500,1500,1
753.92,1331.5,1
500,1500,1
605.9,1407.9,1
680.57,1261.8,1
631.3,1429.7,1
578.96,1323.5,1
604.67,1283.9,1
500,1500,1
656.03,1392.2,1
679.52,1296.6,1
569.91,1266.6,1
820.36,1215.3,1
579.44,1410.3,1
467.35,1177.1,1
475.59,1898.6,1
500,1500,1
1279.9,2589.4,1
675.52,1145,1
692.64,1279.4,1
687.55,1322.2,1
646.31,1134.1,1
500,1500,1
681,1316.4,1
540.67,1728.6,1
626.73,1296.1,1
500,1500,1
724.82,1372.2,1
427.6,1512.3,1
500,1500,1
625.67,1325.7,1
494.26,1638.7,1
562.18,1434.9,1
724.66,1288.1,1
673.28,1446.8,1
617.58,1467.2,1
584.65,1511.2,1
635.85,1314.8,1
377.42,1288.1,1
608.72,1110.8,1
774.02,1321.4,1
720.56,1340.4,1
500,1500,1
662.67,1427.1,1
476.92,1394.1,1
547.47,1636.5,1
667.18,1446.6,1
500,1500,1
515.06,1575.9,1
527.28,1267.9,1
674.8,1504.1,1
641.88,1314.5,1
607.58,1400.7,1
500,1500,1
506.65,1476.6,1
1047.2,1542.4,1
591.25,1412.1,1
542.39,1476.7,1
583.75,1431,1
586.9,1540.4,1
719.45,1321.4,1
240.28,1288.2,1
414.73,1636.2,1
579.42,1451.3,1
500,1500,1
685.86,1400.4,1
729.43,1365.1,1
500,1500,1
611.04,1326.2,1
500,1500,1
667.04,1508.3,1
564,1725.8,1
767.16,1364.2,1
630.72,1402.4,1
500,1500,1
651.5,1353.3,1
516.69,1486,1
716.16,1772.6,1
539,1480.8,1
497.52,1338.1,1
502.63,1778.7,1
500,1500,1
504.14,1269.4,1
500,1500,1
659.68,1199.6,1
647.64,1258.1,1
417.56,1499.4,1
579.42,1451.3,1
500,1500,1
681,1316.4,1
669.57,972.44,1
500,1500,1
614.58,1420.4,1
500,1500,1
500,1500,1
268.01,1394.9,1
498.1,1742.6,1
488.68,1560.5,1
648.03,1171.8,1
629.89,1400.3,1
500,1500,1
469.16,1153.2,1
500,1500,1
707.95,1237,1
500,1500,1
500,1500,1
734.05,1363,1
517.63,1310.4,1
1152.9,2434.3,1
547.32,1815,1
500,1500,1
687.55,1322.2,1
516.63,1693.6,1
433.08,676.16,1
500,1500,1
1240.8,2338.7,1
646.57,1654.1,1
456.28,1896.5,1
500,1500,1
639.06,1307.6,1
834.98,1341.3,1
518.09,1231.4,1
609.52,1443.3,1
587.04,1075.6,1
500,1500,1
559.03,2350.2,1
699.75,1344.2,1
500,1500,1
500,1500,1
500,1500,1
771.05,1689.9,1
602.18,1404.2,1
500,1500,1
562.08,1461.3,1
609.49,1269.8,1
671.09,1316.9,1
599.23,1413.6,1
500,1500,1
500,1500,1
631.3,1429.7,1
442.26,1335,1
684.04,1426,1
513.67,1638.2,1
684.51,1007,1
469.16,1153.2,1
495.67,1327.6,1
793.69,1521.4,1
543.29,1683.9,1
500,1500,1
521.28,1613.7,1
719.76,1261.5,1
817.71,1225.7,1
558.76,1261.4,1
602.55,1365.2,1
634.87,1274.1,1
735.46,1392.5,1
456.76,1715.2,1
500,1500,1
500,1500,1
500,1500,1
608.41,1350.2,1
554.65,1315.5,1
764.29,1328.6,1
521.19,899.45,1
500,1500,1
500,1500,1
780.76,1674.3,1
500,1500,1
920.6,1353.4,1
623.47,1260.9,1
544.62,1632.2,1
666.8,1314.2,1
276.3,942.31,1
592.05,1345.7,1
733.31,1305.6,1
500,1500,1
500,1500,1
903.39,1525.9,1
300.63,1269.8,1
793.53,1264,1
500,1500,1
500,1500,1
488.79,1536.5,1
500,1500,1
491.87,1516.6,1
500,1500,1
686.95,1365.1,1
558,1300.8,1
739.21,1300.2,1
401.44,1205.5,1
1426.8,1889,2
462.45,1973.7,2
331.44,2106.7,2
500,1500,2
312.24,2042.8,2
361.02,1938,2
312.24,2042.8,2
394.6,1977.9,2
325.38,2111,2
336.45,2052,2
905.43,2068.8,2
717.13,1767.4,2
557.18,1756.6,2
416.52,1945.8,2
343.14,1922.2,2
348.73,2104.4,2
437.99,1945.4,2
377.38,2016.7,2
500,1500,2
331.44,2035.6,2
905.43,2068.8,2
357.15,2023.2,2
462.37,1869.9,2
394.04,1605.5,2
299.17,1983.1,2
388.53,2041.9,2
500,1500,2
321.52,1967.4,2
697.33,1815.2,2
500,1500,2
351.39,2019.7,2
500,1500,2
431.15,2157.6,2
312.91,2089.3,2
861.4,1781.3,2
386.38,1992.9,2
398.67,1879.7,2
500,1500,2
345.94,2162.2,2
365.19,1885,2
324.97,2060.8,2
305.28,1959.7,2
410.83,1984.1,2
619.02,1424.2,2
333.94,2027.6,2
238.64,1934.6,2
346.7,2126.3,2
237.33,2185,2
619.88,1974.5,2
320.37,1892.4,2
446.58,1883.7,2
447.34,1418,2
297.46,2166.6,2
882.68,2080.6,2
541.02,1757.3,2
418.65,1930.7,2
286.01,2272.8,2
586.31,1933.4,2
336.46,2291,2
401.73,1976.6,2
407.92,1934.1,2
500,1500,2
397.7,1443.8,2
455.09,1771.4,2
308.45,1813.8,2
397.7,1443.8,2
323.31,2026.3,2
346,2133.1,2
500,1500,2
453.33,1591.9,2
384.88,2013.9,2
384.98,2343.6,2
370.58,2190.8,2
372.76,1988.1,2
356.95,1755.6,2
340.74,2084.2,2
437.12,1999,2
361.81,1874.4,2
550.64,1830.5,2
384.92,2093.4,2
377,2051.6,2
332.03,1982.1,2
351.17,2060.3,2
596.64,2163.2,2
500,1500,2
309.09,2107.3,2
382.8,1990,2
332.22,2112.6,2
337.34,2187.8,2
386.72,2111.2,2
507.46,1936.2,2
436.17,1616.4,2
191.87,2032.3,2
369.34,2071.6,2
324.99,2166.9,2
364.01,1703.2,2
375.92,2064.1,2
351.11,2154.2,2
300.48,2184.5,2
360.96,2135.6,2
348.19,1742.1,2
431.17,2055,2
500,1500,2
500,1500,2
544.66,2025.3,2
457.41,1928.5,2
340.94,2062.7,2
362.12,1760.8,2
408.23,1904.9,2
354.06,1628.1,2
334.45,2097.2,2
377.96,1984.9,2
372.87,2012.3,2
281.37,2287.4,2
298.39,2137.4,2
315.04,2126.5,2
255.83,2138.6,2
412.42,1849.9,2
355.32,2022.2,2
530.21,1817.3,2
379.78,2015.3,2
428.57,1740.6,2
343.88,2080.1,2
299.48,1665.7,2
379.87,1995.2,2
550.48,1728,2
500,1500,2
412.6,2130.7,2
434.11,1804.1,2
443.43,1990.1,2
348.2,2385,2
339.26,1935.1,2
352.01,1900.6,2
551.86,1555.3,2
383.73,2068.6,2
419.97,2091.9,2
360.88,2018.4,2
421.62,1723.4,2
444.29,1896.5,2
419.87,2023.5,2
569.54,1884.7,2
384.96,1962.5,2
362.43,1953.4,2
309.31,2191.7,2
329.02,2039.8,2
417.66,2286.9,2
589.81,1632.4,2
316.19,1977.4,2
500,1500,2
500,1500,2
435.8,1834.2,2
244.06,2220.9,2
321.39,2172.3,2
536.48,1923.6,2
357.42,1799.7,2
443.77,1838.8,2
480.35,1833,2
469.96,2135.8,2
423.16,1921.9,2
401.17,1793,2
405.51,1851.6,2
366.36,1949.3,2
500,1500,2
423.23,2196.6,2
469.99,1609.5,2
292.36,2389.2,2
339.24,2025.8,2
402.13,1753.6,2
500,1500,2
371.25,2061.4,2
637.59,2010.8,2
422.43,1366.4,2
532.8,1791.4,2
442.83,2055.1,2
558.78,1786.2,2
500,1500,2
500,1500,2
543.42,1914.9,2
397.43,2019.2,2
403.93,1861,2
618.7,1950,2
418.82,2045.5,2
374.11,2077.4,2
408.85,1954.3,2
449.6,1989.6,2
403.93,1861,2
500,1500,2
323.41,2029.1,2
292.04,2265.8,2
500,1500,2
500,1500,2
305.7,1785.9,2
385.9,1780.1,2
421.99,1888.6,2
358.78,1807.5,2
500,1500,2
414.58,2017,2
347.22,2328.9,2
385.14,2073.7,2
373.5,1991.2,2
500,1500,2
414.22,2189.8,2
387.07,1971.3,2
417.31,1959.6,2
378.03,1865.5,2
349.14,2000.1,2
407.62,2025,2
405.07,1898.8,2
352.56,2049.5,2
500,1500,2
418.83,2034.4,2
342.93,2085.8,2
342.56,2148.2,2
435.35,1917.7,2
382.36,1936.4,2
373.13,1891.7,2
335,2115.8,2
472.14,1818,2
362.65,2061.2,2
426.14,1979,2
556.88,1742.3,2
351.63,2018.7,2
360.37,2066.9,2
280.62,1883.7,2
497.21,1715.5,2
500,1500,2
384.95,2295.3,2
285.39,2334,2
405.53,2076.9,2
454.21,1854.6,2
557.18,1756.6,2
332.95,2025.4,2
379.78,2015.3,2
500,1500,2
511.01,1926,2
442.1,2039.3,2
409.85,2016.8,2
511.71,1878.8,2
858.25,1961,2
395.73,2120.5,2
352.66,2100.2,2
372.59,2096.5,2
404.93,1943.6,2
444.95,1986.6,2
500,1500,2
268.16,2070.8,2
405.56,1904.5,2
394.86,1667.7,2
414.42,1764.4,2
325.38,2111,2
474.21,1925.4,2
312.73,1837.8,2
261.78,1965.1,2
214.69,1839.7,2
395.1,2016.8,2
398.74,1920.9,2
383.95,1666.8,2
349.82,1931.7,2
433.01,2041.5,2
500,1500,2
357.62,1941.4,2
354.25,1851,2
376.95,2007.9,2
800.7,1673.5,2
335.03,2003.8,2
366.6,1941.9,2
389.35,2216,2
344.02,1872.4,2
380.73,1784.8,2
488.23,1837.8,2
365.7,2049.4,2
689.34,1833.3,2
409.1,1644.9,2
291.33,2140.8,2
411.94,2056.2,2
195.51,1933.8,2
370.16,2101.1,2
325.69,2067.2,2
331.58,2109.3,2
355.59,1928.6,2
359.05,1813.3,2
310.6,2251.8,2
500,1500,2
375.64,1852.3,2
500,1500,2
500,1500,2
500,1500,2
362.96,2053.9,2
283.5,2132.1,2
435.9,1952.6,2
500,1500,2
393.72,2095.7,2
327.89,1963.6,2
329.81,1996.4,2
354.81,1943.9,2
397.91,1963.1,2
550.46,1817.3,2
352.83,1980.1,2
436.67,1896.4,2
385.49,2184.7,2
375.97,2057.8,2
346.85,2256.2,2
307.92,2006.6,2
393.51,1774.1,2
394.18,2027.5,2
333.87,2051.9,2
337.73,2139.9,2
368.22,2134,2
399.81,2113.3,2
500,1500,2
332.87,1969.1,2
405.56,1904.5,2
405.53,2076.9,2
482.99,1876.9,2
324.64,2218.9,2
330.01,1727.5,2
456.18,1874.3,2
378.44,1986.8,2
423.22,1679.7,2
258.5,2160.7,2
500,1500,2
473.82,1821.9,2
375.58,1606.9,2
365.17,2063.8,2
472.05,2020.7,2
373.47,1557.7,2
336.88,2045.8,2
440.12,1855.8,2
500,1500,2
336.04,2162.6,2
312.79,2193.2,2
410.33,1929.2,2
424.54,1847.2,2
398.63,1858.7,2
500,1500,2
395.68,2227,2
447.22,1916.7,2
271.19,1955,2
423.21,1913.2,2
356.75,2050,2
251.76,1917.8,2
603.81,1792,2
135.61,1949.9,2
412.93,1748.7,2
500,1500,2
387.83,1583.6,2
344.84,2105.8,2
371.74,1752.2,2
347.45,2087.1,2
412.81,1957.4,2
368.16,2333.9,3
185.07,933.55,3
377.92,976.8,3
333.6,932.92,3
331.48,898.22,3
345.32,930.12,3
232.9,1225.1,3
1234.3,2430.5,3
500,1500,3
421.76,877.19,3
318.7,1161.1,3
349.7,935.02,3
338.6,1117.1,3
345.57,1163.6,3
344.83,1120.4,3
461.05,2300.3,3
364.05,1033.4,3
314.64,988.83,3
448.34,941.61,3
865.02,2452.2,3
331.51,961.05,3
396.2,1042.9,3
234.68,924.86,3
829.91,2534.8,3
500,1500,3
331.21,1049.2,3
349.29,830.01,3
342.96,1295.6,3
515.68,1121.4,3
316.24,951.2,3
346.31,953.26,3
309.67,946.34,3
340.25,809.27,3
338.55,1039.6,3
527.43,1165.4,3
443.85,1431.8,3
931.9,1959.2,3
316.22,836.68,3
500,1500,3
295.78,757.89,3
363.73,1095.3,3
261.91,2385.9,3
597.83,1474.1,3
368.74,1090,3
453.78,821.53,3
303.62,2317.1,3
317.53,954.96,3
500,1500,3
368.3,1079.4,3
268.86,1247.4,3
321.94,771,3
322.72,1234.3,3
352.76,1064.9,3
716.29,1380.7,3
500,1500,3
290.3,1115.3,3
367.69,1247.2,3
163.85,1208.9,3
356.67,884.62,3
500,1500,3
1075.8,2339.7,3
407.35,851.83,3
371.3,1226.1,3
314.61,1013.9,3
400.5,1544.5,3
333.38,1136,3
351.13,1080.7,3
373.86,950.09,3
398.64,893.65,3
325.03,1280.3,3
360.11,1187.8,3
301.23,1265.8,3
319.33,795.22,3
335.09,1034.8,3
436.84,859.81,3
500,1500,3
500,1500,3
497.36,935.55,3
319.43,1216.9,3
348.24,1009.1,3
232.9,892.07,3
407.35,851.83,3
335.09,1181.1,3
323.65,857.5,3
262.4,1207.2,3
363.22,794.98,3
325.52,1622.5,3
331.47,1316.3,3
211.42,572.78,3
337.07,854.32,3
393.89,1160.6,3
1037.9,2350.4,3
500,1500,3
311.68,774.89,3
325.93,1415.4,3
304.44,936.31,3
360.54,884.95,3
299.21,1172.5,3
337.31,1002.9,3
262.21,1198.4,3
304.76,498.67,3
385.97,928.52,3
425.28,799.57,3
311.94,917.35,3
296.64,951.16,3
366.58,1029.2,3
353.34,1047.8,3
380.15,2270.4,3
535.08,861.13,3
171.04,1591.5,3
359.14,1089.1,3
323,1300.8,3
338.5,1160.1,3
379.08,2488,3
375.28,977.16,3
352.71,1221.7,3
287.03,749.11,3
302.28,1004.5,3
300.84,818.04,3
319.66,1073.7,3
352.58,1101.2,3
319.41,1955.1,3
284.22,921.44,3
502.02,1140.9,3
389.66,1122.3,3
319.53,2354.8,3
393.55,818.61,3
359.48,1085.6,3
1200.7,2355.3,3
439.53,1010.5,3
401.49,1150.1,3
264.11,1366.6,3
500,1500,3
500,1500,3
336.24,1084.4,3
340.95,911.23,3
375.85,908.01,3
500,1500,3
378.62,1191.4,3
352.32,841.09,3
304.47,700.94,3
328.35,1170.5,3
414.59,903.35,3
210.55,745.53,3
347.88,710.39,3
370.62,1141.3,3
336.67,1165.7,3
387.92,1040.8,3
325.52,1622.5,3
296.98,809.76,3
333.07,1178,3
789.57,2494.3,3
500,1500,3
300.5,758.36,3
1086.3,1211,3
320.92,1084.1,3
263.98,759.52,3
316.5,1130.4,3
338.5,1160.1,3
315.21,725.86,3
500,1500,3
322.16,2282.8,3
1086.3,1211,3
372.31,1123.6,3
431.2,1073.8,3
373.14,1083.1,3
301.05,1673.8,3
899.59,2629.4,3
364.12,826.66,3
349.79,950.77,3
336.24,1084.4,3
500,1500,3
447.37,1459,3
356.41,908.41,3
500,1500,3
236.72,766.16,3
414.61,974.8,3
289.74,717.14,3
325.5,1013.6,3
335.09,1034.8,3
360.11,809.13,3
297.6,1282.2,3
335.44,687.42,3
806.98,2726,3
500,1500,3
328.68,894.68,3
329.76,978.9,3
304.79,1162.3,3
728.72,1223.2,3
834,2459.9,3
374.63,1501.6,3
311.28,1292.5,3
343.68,1211.5,3
400.85,1355.9,3
328.68,894.68,3
335.09,1181.1,3
717.71,1983.3,3
542.55,1154.5,3
325.24,1886.2,3
315.76,1160.9,3
388.31,1100.2,3
482.46,1145.5,3
267.98,833.3,3
363.22,794.98,3
362.35,1418.9,3
437.42,1117.5,3
500,1500,3
530.97,1489.7,3
387.99,993.61,3
321.34,920.63,3
347.54,1068.9,3
500,1500,3
319.66,739.62,3
455.29,938.3,3
395.15,1105.8,3
319.31,1060.5,3
500,1500,3
304.44,936.31,3
480.19,1049.7,3
326.55,1031.1,3
365.37,1499,3
442.13,974.62,3
325.92,950.69,3
399.52,1416.7,3
346.77,648.93,3
500,1500,3
322.42,1132.6,3
500,1500,3
339.97,876.07,3
501.25,893.52,3
430.44,1157.9,3
342.6,1016.3,3
926.34,1502.2,3
500,1500,3
337.62,1176,3
358.41,1664.2,3
357.16,1212.5,3
596.97,1501.4,3
500,1500,3
425.28,799.57,3
323.05,1094.1,3
500,1500,3
365.37,1499,3
500,1500,3
375.19,937.01,3
500,1500,3
384.2,1119.1,3
500,1500,3
373.25,1224.8,3
335.81,867.89,3
330.64,1041,3
375.45,911.83,3
354.08,1053.5,3
313.47,1345.7,3
500,1500,3
273.02,1100.6,3
463.74,1011.5,3
322.18,1354.3,3
320.85,851.44,3
375.8,753.67,3
326.51,955.99,3
421.44,1139.4,3
500,1500,3
352.99,921.38,3
342.85,1090.8,3
404.95,1112.2,3
500,1500,3
500,1500,3
426.93,1165.3,3
500,1500,3
285.9,988.93,3
247.17,1744.6,3
500,1500,3
488.31,1535.9,3
368.44,986.11,3
479.55,1105,3
332.48,622.33,3
600.85,1727.3,3
570.36,1173.5,3
370.68,1081.4,3
880.36,2493.1,3
374.22,1127,3
321.94,771,3
500,1500,3
440.43,984,3
417.3,1084.9,3
537.19,1087.9,3
398.9,1530.7,3
359.49,1139.7,3
365.11,1129,3
500,1500,3
421.76,877.19,3
371.3,1226.1,3
500,1500,3
339.61,1080,3
299.12,2456.3,3
500,1500,3
500,1500,3
495.96,1110.2,3
500,1500,3
340.36,1056.6,3
500,1500,3
847.23,2648.2,3
358.45,978,3
500,1500,3
640.58,1214,3
500,1500,3
387.1,1121.3,3
528.36,1155.1,3
363.93,1083.9,3
374.5,979.24,3
305.52,1281.7,3
339.1,901.75,3
931.9,1959.2,3
294.69,850.93,3
299.33,706.2,3
398.31,1131.6,3
485.85,1559.3,3
692.12,1522.7,3
398.05,1085.9,3
361.77,901.02,3
389.29,1233.2,3
379.86,976.42,3
387.61,989.04,3
353.36,865.19,3
334.58,1231.3,3
468.49,1149.3,3
362.07,1016.5,3
323,1300.8,3
367.07,1763.7,3
570.46,1240,3
344.29,1158.3,3
298.54,1173.7,3
291.53,573.33,3
328.48,1777.1,3
337.73,1128.7,3
291.65,1282.9,3
288.14,1176.3,3
330.64,1041,3
500,1500,3
382.46,1077.7,3
331.51,961.05,3
500,1500,3
500,1500,3
298.04,1034.3,3
890.55,1894.9,3
283.62,1095.1,3
500,1500,3
286.46,890.5,3
433.8,1674,3
